[
  [
    37.475881188639775,
    126.97929508539764
  ],
  [
    37.475874717874504,
    126.97958912664929
  ],
  [
    37.47587784145741,
    126.97995087281326
  ],
  [
    37.47587784145741,
    126.97995087281326
  ],
  [
    37.476274551940406,
    126.97997939858618
  ],
  [
    37.4765178082451,
    126.97997609230242
  ],
  [
    37.4765178082451,
    126.97997609230242
  ],
  [
    37.476489671804174,
    126.9808922597269
  ],
  [
    37.476482222265346,
    126.98107325668116
  ],
  [
    37.47645018040197,
    126.98153723700183
  ],
  [
    37.47645018040197,
    126.98153723700183
  ],
  [
    37.47664181561982,
    126.98181728659827
  ],
  [
    37.47702031192292,
    126.98182345741813
  ],
  [
    37.477254753675275,
    126.98184288882479
  ],
  [
    37.478327565596196,
    126.98190747710129
  ],
  [
    37.47941829889363,
    126.9819605173034
  ],
  [
    37.47986906579058,
    126.98198832125193
  ],
  [
    37.47995015122764,
    126.98198722118937
  ],
  [
    37.480085391028936,
    126.98199669295147
  ],
  [
    37.48058120533429,
    126.98202388613353
  ],
  [
    37.48139254659782,
    126.98206941244388
  ],
  [
    37.482753758807085,
    126.98214140060495
  ],
  [
    37.48394379044096,
    126.98221571298943
  ],
  [
    37.48443950702191,
    126.98223160256164
  ],
  [
    37.48495333992895,
    126.98225855377139
  ],
  [
    37.48523282877616,
    126.98227737693094
  ],
  [
    37.4854131158789,
    126.98228623857557
  ],
  [
    37.48571963315831,
    126.98230469526408
  ],
  [
    37.485999024577076,
    126.98231221262029
  ],
  [
    37.48634157976244,
    126.98233018063841
  ],
  [
    37.48741409783465,
    126.98236086175734
  ],
  [
    37.4881620796172,
    126.98237333037463
  ],
  [
    37.488459976822384,
    126.98243713594509
  ],
  [
    37.488893016196826,
    126.98249910889092
  ],
  [
    37.48953405252488,
    126.98264872492022
  ],
  [
    37.49012935973305,
    126.98271980718971
  ],
  [
    37.49087734119605,
    126.98273227921199
  ],
  [
    37.491589479380444,
    126.98276785396111
  ],
  [
    37.492202318522054,
    126.98278215919457
  ],
  [
    37.49272506284716,
    126.98279768643305
  ],
  [
    37.49339215343985,
    126.98283387320997
  ],
  [
    37.493752532415016,
    126.9828289856851
  ],
  [
    37.49389687871482,
    126.98284964523836
  ],
  [
    37.49399608028399,
    126.98285960848283
  ],
  [
    37.494960385974075,
    126.98288045656717
  ],
  [
    37.495239776967956,
    126.98288797619847
  ],
  [
    37.49587983886778,
    126.98292453103664
  ],
  [
    37.49632178969941,
    126.98297508210136
  ],
  [
    37.4964573211506,
    126.98301848007172
  ],
  [
    37.496538698419585,
    126.98305130354237
  ],
  [
    37.496628987808656,
    126.98307269720463
  ],
  [
    37.496745721545295,
    126.9830258780598
  ],
  [
    37.497035290004064,
    126.9831689692925
  ],
  [
    37.49723466627086,
    126.98330197527645
  ],
  [
    37.49727089879115,
    126.9833241022933
  ],
  [
    37.49727089879115,
    126.9833241022933
  ],
  [
    37.49746155733254,
    126.98349115472759
  ],
  [
    37.49870596877497,
    126.98465045728052
  ],
  [
    37.498977613555695,
    126.98480511041782
  ],
  [
    37.49919452111548,
    126.98488133970235
  ],
  [
    37.49944688348567,
    126.98488923275279
  ],
  [
    37.49972569119504,
    126.98482891085703
  ],
  [
    37.49995015046973,
    126.98473539575141
  ],
  [
    37.50015620190978,
    126.98459689109613
  ],
  [
    37.500566748414634,
    126.98413894660266
  ],
  [
    37.50093989297466,
    126.98352316853848
  ],
  [
    37.501276606881,
    126.98286263960141
  ],
  [
    37.501276606881,
    126.98286263960141
  ],
  [
    37.501602261134614,
    126.98196474956585
  ],
  [
    37.50176014215341,
    126.98146497472494
  ],
  [
    37.50192439609844,
    126.98065974594547
  ],
  [
    37.502095033991644,
    126.9785085549578
  ],
  [
    37.50221725377316,
    126.97805449521753
  ],
  [
    37.502703278189294,
    126.97695080657978
  ],
  [
    37.50285477356996,
    126.97675647007767
  ],
  [
    37.503211917971846,
    126.97637836535046
  ],
  [
    37.50399827842571,
    126.97562116025182
  ],
  [
    37.504498000064565,
    126.97506013209387
  ],
  [
    37.504756133081095,
    126.97469467522872
  ],
  [
    37.50488940932115,
    126.97447795746969
  ],
  [
    37.50500466628374,
    126.97426148548057
  ],
  [
    37.50510170752255,
    126.97402264151589
  ],
  [
    37.50561363956255,
    126.97279411513632
  ],
  [
    37.50567464005981,
    126.97255576128812
  ],
  [
    37.50571791638617,
    126.97235158118994
  ],
  [
    37.50572623706997,
    126.97227229440568
  ],
  [
    37.505734065670886,
    126.97213646239962
  ],
  [
    37.50573199885196,
    126.97189897255156
  ],
  [
    37.50570054007635,
    126.97139043666549
  ],
  [
    37.50568956083841,
    126.971164379655
  ],
  [
    37.50569492496216,
    126.97074582185944
  ],
  [
    37.505711169879845,
    126.97054201188952
  ],
  [
    37.50573681817932,
    126.97038331423657
  ],
  [
    37.50577098271194,
    126.97016794752463
  ],
  [
    37.50584049417377,
    126.96987292212195
  ],
  [
    37.505901883312674,
    126.96967980153863
  ],
  [
    37.50591950756396,
    126.96963431765218
  ],
  [
    37.50621872219754,
    126.9688158519484
  ],
  [
    37.50627149513785,
    126.96866808994807
  ],
  [
    37.5067560457337,
    126.96740595369918
  ],
  [
    37.5069321795946,
    126.96693979431205
  ],
  [
    37.506993860625805,
    126.96678059624108
  ],
  [
    37.50710860843415,
    126.96650756045223
  ],
  [
    37.507205435759786,
    126.9662460815655
  ],
  [
    37.50726711583593,
    126.96608688236002
  ],
  [
    37.507293550087184,
    126.96601865405007
  ],
  [
    37.50746977740036,
    126.96556379743862
  ],
  [
    37.50760224393029,
    126.96525658149162
  ],
  [
    37.50786876048942,
    126.96482309576325
  ],
  [
    37.508109139555174,
    126.96449176471849
  ],
  [
    37.5086620691642,
    126.96383940941172
  ],
  [
    37.5086620691642,
    126.96383940941172
  ],
  [
    37.50809663860032,
    126.9630667842885
  ],
  [
    37.50794139371116,
    126.96283140677879
  ],
  [
    37.507849412781646,
    126.9626177761202
  ],
  [
    37.50754733395446,
    126.96207904510204
  ],
  [
    37.50749258193555,
    126.96200062867116
  ],
  [
    37.5073203101755,
    126.96187859728136
  ],
  [
    37.50712982069204,
    126.96173419757841
  ],
  [
    37.50708457490559,
    126.96171220307866
  ],
  [
    37.50681349777955,
    126.96162547329094
  ],
  [
    37.50668676974129,
    126.96155936553079
  ],
  [
    37.50645954621958,
    126.96133630332093
  ],
  [
    37.50616064499007,
    126.96115947754957
  ],
  [
    37.50616064499007,
    126.96115947754957
  ],
  [
    37.5062560675323,
    126.960739668258
  ],
  [
    37.5062560675323,
    126.960739668258
  ],
  [
    37.506283095709364,
    126.96073929356142
  ],
  [
    37.506301014992516,
    126.96072773467766
  ],
  [
    37.50642376277325,
    126.9603414765366
  ],
  [
    37.5064586057863,
    126.96020526745097
  ],
  [
    37.50649424512958,
    126.96015953114305
  ],
  [
    37.50649424512958,
    126.96015953114305
  ],
  [
    37.50678374023011,
    126.96029124196838
  ]
]